<map>
0000000000000000000000000000000000000000000000000000000000000000010000000000000000000000000000000000000000000000000000000000000000000000000000000000000000000000000000000000000000000000000000000000010101010101010101010101010101010101010101
0000000000000000000000000000000000000000000000000000000000000000010000000000000000000000000000000000000000000000000000000000000000000000000000000000000000010100000000000001010000000000000101000000010000000000000000000000000000000000000001
0000000000000000000000000000000000000000000000000000000000000000010000000000000000000000000000010100000000000000000000000000000000000000000000000000000000000000000000000000000000000000000000000000010000000000000000000000000000000000000001
0000000000000000000000000000000000000000000000000000000000000000010000000000000000000000000000000000000000000000000000000000000000000000000000000000000000000000000000000000000000000000000000000000010000000000000000000000000000000000000001
0101010101010101010101010101000000000000000000000000000000000000010000000000000000000000000000000000000000000000000000000000000000000000000000000101000000000000000000000000000000000000000000000000010000000000000000000000000000000000000001
0000000000000000000000000000000000000000000000000000000000010100010000000000000000000101000000000000000000000000000000000000000000000000000000000000000000000000000000000000000000000000000000000000010000000000000000000000000000000000000001
0000000000000000000000000000000000000000000000000000000000000000010000000000000000000000000000000000000000000000000000000000000000000000000000000000000000000000000000000000000000000000000000000000000000000000000000000000000000000000000001
0000000000000000000000000000000000000000000000000000000000000000010000000000000000000000000000000000000000000000000000000000000000000001010000000000000000000000000000000000000000000000000000000000120000000000000100000000000011111111110001
0000000000000000000000000000000000000000000000000101000000000000010000000001010000000000000000000000000000000404040404040404040000000000000000000000000000000000000000000000000000000000000000000000010000000000000000000000000000000000000001
0000000000000000000000000000000000000000000000000000000000000000010000000000000000000000000000000000000000000000000000000000000000000000000000000000000000000000000000000000000000000000000000000000010000000000000000000000000000000000000001
0000000000000000000000000000000000000000000000000000000000000000000000000000000000000000000000000000000000000101010101010101010000000000000000000000000000000000000000000000000000000000000000000000010000000000000000000000000000000000000001
0000000000000000000000000000000000000001010000000000000000000000010000000000000000000000000000000000000000000100000000000000010000000000000000000000000000000000000000000000000000000000000000000000010000000000000000000000000000000000000001
0000000000000000000000000000000000000000000000000000000000000000010000000000000000000000000000000000000000000000000000000000000000000000000000000000000000000000000000000000000000000000000000000000010000000000000000000000000000000000000001
0000000000000000000000000000000000000000000000000000000000000000010000000000000000000000000000000000000000000000000000000000000000000000000000000000000000000000000000000000000000000000000000000000010101010101010101010101010101010101010101
</map>
<tip>

</tip>