<map>
00000000000000000000000000000000000000000000000000000000000000000000000000000000000000000000000000000000000000000000000000000000000000000000000000000000000000000000000000000000000000000000000000000000000000000000000000000000
00000000000000000000000000000000000000000000000000000000000000000000000000000000000000000000000000000000000000000000000000000000000000000000000000000000000000000000000000000000000000010000000000000000000000000000000000000000
00000000000000000000000000000000000000000000000000000000000000000000000000000000000000000000000000000000000000000000000000000000000000000000000000000000000000000000000000000000000000000000000000000000000000000000000000000000
00000000000000000000000000000000000000000000000100000000000000000000000000000000000000000000000000000000000000000000000000000000000000000000000000000000000000000000000000000000000004000000000000000000000000000000000000000000
00000000000000000000000000000000000000000000000000000000000000000000000000000000000000000000000000000000000000000000000000000000000000000000000000000000000000000000000000000100000001000000000000000000000000000000000000000000
00000000000000000000000000000000000001000004000000000000000000000000000000000000000000000000000000000000000000000000000000000000000000000000000000000000000000000000000000000000000000000000000000000000000000000000000000000000
00000000000000000000000000000000000000000001000000000000000000000001010000000000000100000000000001000000000000010000000000000000000000000000000000000000000000000000000000040000000000000000000000000000000000000000000000000000
00000000000000000000000000010000040000000000000000000000000000000000000000000000000000000000000000000000000000000000000000000000000000000000000000000000000000000001000000010000000000000000000000040000000000000000000000000000
00000000000000000000000000000000010000000000000000000000000000000000000000040400000000000404000000000004040000000000000000000000000000000000000000000000000000000000000000000000000000000000000000010000000000000000000000000000
00000000000000010100000400000000000000000000000000000000000000000400000000010100000000000101000000000001010000000000000400000001000000000000000000000000000000000400000000000000000000000000000000000000000000000000000000000000
00000000000000010100000100000000000000000000000000000000000000000100000000000000000000000000000000000000000000000000000100000000000000000000000000000000010000000100000000000000000000000000000000000000000000000000000000000000
00000000000000000000000000000000000000000000000000000000100000000000000000000000000000000000000000000000000000000000000000000000000000000000000000000000000000000000000000000000000000000000000000000000000000000000000000000000
00000000000000000000000000000000000000000000000000000000010000000000000000000000000000000000000000000000000000000000000000000000000000040000000000000004000000000000000000000000000000000000000000000000000000000000000000000000
00000000000000000000000000000000000000000000000000000000060000000000000000000000000000000000000000000000000000000000000000000000000000010000000100000001000000000000000000000000000000000000000000000000000011111111000000000000
</map>
<tip>

</tip>